96 94 80 94 80 113 96 113 blackheads 0
104 95 90 95 90 113 104 113 blackheads 0
68.00000000000001 106 56.000000000000014 106 56.000000000000014 119 68.00000000000003 119 blackheads 0
69.00000000000001 116.00000000000001 60.000000000000014 116.00000000000001 60.000000000000014 125 69.00000000000003 125 blackheads 0
126.00000000000003 124 112.00000000000003 124 112.00000000000003 139 126.00000000000003 139 blackheads 0
72.00000000000003 129 62.000000000000014 129 62.000000000000014 139 72.00000000000003 139 blackheads 0
95.00000000000003 133 82.00000000000003 133 82.00000000000003 144 95.00000000000003 144 blackheads 0
84.00000000000003 141 74.00000000000003 141 74.00000000000003 155 84.00000000000003 155 blackheads 0
139 147 127.00000000000003 147 127.00000000000003 163 139 163 blackheads 0
147 166 132 166 132 181 147 181 blackheads 0
38.00000000000002 166 24.00000000000002 166 24.00000000000002 183 38.00000000000003 183 blackheads 0
199 191 191 191 191 206 199 206 blackheads 0
124 12.000000000000014 108 12.000000000000014 108 28.000000000000014 124 28.000000000000014 blackheads 0
197 204 182 204 182 218 197 218 blackheads 0
60 39.00000000000001 44 39 44 52.00000000000001 60 52.000000000000014 blackheads 0
192 52.00000000000003 176 52.00000000000003 176 71.00000000000003 192 71.00000000000003 blackheads 0
114.99999999999999 76 99 76 99 96 114.99999999999999 96 blackheads 0