109 67 97 67 97 77 109 77 whiteheads 0
65 73 55.000000000000014 73 55.000000000000014 86 65 86 whiteheads 0
121 75.00000000000001 114 75 114 86.00000000000001 121 86.00000000000003 whiteheads 0
90 83 81 83 81 94 90 94 whiteheads 0
140 86.00000000000003 132 86.00000000000003 132 96.00000000000003 140 96.00000000000003 whiteheads 0
136 143 128 143 128 151 136 151 whiteheads 0
89 10.00000000000001 83 10.00000000000001 83 21.00000000000001 89 21.000000000000014 whiteheads 0
100 15.000000000000012 92 15.000000000000012 92 25.000000000000014 100 25.000000000000014 whiteheads 0
67 15.000000000000005 57 15.000000000000005 57 26.000000000000007 67 26.000000000000007 whiteheads 0
82 21.000000000000007 74 21.000000000000007 74 31.000000000000007 82 31.000000000000007 whiteheads 0
69 29.000000000000007 60 29.000000000000007 60 38.000000000000014 69 38.000000000000014 whiteheads 0
104 28.000000000000014 94 28.000000000000014 94 40.000000000000014 104 40.000000000000014 whiteheads 0
100 1.1634144591899855e-14 90 1.1021821192326179e-14 90 8.00000000000001 100 8.00000000000001 whiteheads 0
142 31.000000000000014 135 31.000000000000014 135 44.000000000000014 142 44.000000000000014 whiteheads 0
126 41.000000000000014 114 41.000000000000014 114 55.000000000000014 126 55.000000000000014 whiteheads 0