108.00000000000001 114 97 114 97.00000000000001 130 108.00000000000003 130 blackheads 0
57.00000000000001 118 45.000000000000014 118 45.000000000000014 130 57.00000000000001 130 blackheads 0
177 118.00000000000003 167 118.00000000000003 167 131 177 131 blackheads 0
196 117.00000000000003 184 117.00000000000003 184 134 196 134 blackheads 0
131 125.00000000000003 122.00000000000004 125.00000000000003 122.00000000000004 138 131 138 blackheads 0
45.000000000000014 124 33.000000000000014 124 33.000000000000014 141 45.000000000000014 141 blackheads 0
120.00000000000003 130 112.00000000000003 130 112.00000000000003 142 120.00000000000003 142 blackheads 0
73.00000000000003 144 59.000000000000014 144 59.000000000000014 159 73.00000000000003 159 blackheads 0
88.00000000000003 158 73.00000000000003 158 73.00000000000003 175 88.00000000000003 175 blackheads 0
159 161 148 161 148 178 159 178 blackheads 0
171 185 162 185 162 199 171 199 blackheads 0
113 17.000000000000014 98 17.000000000000014 98 28.000000000000014 113 28.000000000000014 blackheads 0
114 30.00000000000001 101 30.00000000000001 101 43.000000000000014 114 43.000000000000014 blackheads 0
139 30.00000000000001 126 30.00000000000001 126 49.000000000000014 139 49.000000000000014 blackheads 0
129 56.000000000000014 117 56.000000000000014 117 72.00000000000003 129 72.00000000000003 blackheads 0
104 67 89 67 89 84 104 84 blackheads 0
153 85.00000000000003 142 85.00000000000003 142 97.00000000000003 153 97.00000000000003 blackheads 0
181 80.00000000000003 165 80.00000000000003 165 101.00000000000003 181 101.00000000000003 blackheads 0
107 97 97 97 97 111 107 111 blackheads 0
155 100.00000000000003 147 100.00000000000003 147 110.00000000000003 155 110.00000000000003 blackheads 0
121.00000000000001 105.00000000000001 108 105 108.00000000000001 119.00000000000003 121.00000000000001 119.00000000000003 blackheads 0