155 123.00000000000003 144 123.00000000000003 144 137 155 137 whiteheads 0
82.00000000000003 126 71.00000000000003 126 71.00000000000003 139 82.00000000000003 139 whiteheads 0
121.00000000000001 128 110.00000000000003 128 110.00000000000003 142 121.00000000000001 142 whiteheads 0
99.00000000000003 132 91.00000000000003 132 91.00000000000003 144 99.00000000000003 144 whiteheads 0
161 138 152 138 152 149 161 149 whiteheads 0
176 176 167 176 167 191 176 191 whiteheads 0
85 14.000000000000009 74 14.000000000000009 74 26.000000000000007 85 26.000000000000007 whiteheads 0
176 199 167 199 167 213 176 213 whiteheads 0
92 27.00000000000001 80 27.000000000000007 80 44.000000000000014 92 44.000000000000014 whiteheads 0
83 36.000000000000014 69 36.000000000000014 69 52.000000000000014 83 52.000000000000014 whiteheads 0
104 57.00000000000001 93 57.00000000000001 93 73 104 73 whiteheads 0
117 66.00000000000001 108 66 108 78.00000000000001 117 78.00000000000003 whiteheads 0
102 69 95 69 95 80 102 80 whiteheads 0
91 69 84 69 84 81 91 81 whiteheads 0
68 73 57.00000000000001 73 57.00000000000001 85 68 85 whiteheads 0
144 74.00000000000003 136 74.00000000000003 136 87.00000000000003 144 87.00000000000003 whiteheads 0
82 75 71 75 71 89 82 89 whiteheads 0
156 89.00000000000003 145 89.00000000000003 145 105.00000000000003 156 105.00000000000003 whiteheads 0
97 95 87 95 87 107 97 107 whiteheads 0
139 97.00000000000003 128 97.00000000000003 128 111.00000000000003 139 111.00000000000003 whiteheads 0
142 113.00000000000003 133 113.00000000000003 133 126.00000000000003 142 126.00000000000003 whiteheads 0