122.00000000000004 122.00000000000001 105.00000000000003 121.99999999999999 105.00000000000003 137 122.00000000000004 137 whiteheads 0
223 125.00000000000003 217 125.00000000000003 217 138 223 138 whiteheads 0
169 127.00000000000003 162 127.00000000000003 162 143 169 143 whiteheads 0
178 128 171 128 171 140 178 140 whiteheads 0
147 138 136 138 136 150 147 150 whiteheads 0
111.00000000000003 138 97.00000000000003 138 97.00000000000003 155 111.00000000000003 155 whiteheads 0
140 141 131 141 131 154 140 154 whiteheads 0
95.00000000000003 156 82.00000000000003 156 82.00000000000003 172 95.00000000000003 172 whiteheads 0
188 158 179 158 179 174 188 174 whiteheads 0
143 163 128 163 128 174 143 174 whiteheads 0
184 190 173 190 173 201 184 201 whiteheads 0
187 13.000000000000021 175 13.000000000000021 175 29.00000000000002 187 29.00000000000002 whiteheads 0
179 27.00000000000002 167 27.00000000000002 167 45.00000000000002 179 45.00000000000003 whiteheads 0
186 47.00000000000003 176 47.00000000000003 176 64.00000000000003 186 64.00000000000003 whiteheads 0
188 62.00000000000003 179 62.00000000000003 179 79.00000000000003 188 79.00000000000003 whiteheads 0
164 71.00000000000003 153 71.00000000000003 153 86.00000000000003 164 86.00000000000003 whiteheads 0
124 71.00000000000001 116.00000000000001 71 116.00000000000001 88.00000000000001 124 88.00000000000003 whiteheads 0
119 84.00000000000001 108 84 108 96.00000000000001 119 96.00000000000003 whiteheads 0
162 87.00000000000003 154 87.00000000000003 154 101.00000000000003 162 101.00000000000003 whiteheads 0
177 84.00000000000003 165 84.00000000000003 165 105.00000000000003 177 105.00000000000003 whiteheads 0
192 87.00000000000003 178 87.00000000000003 178 102.00000000000003 192 102.00000000000003 whiteheads 0
111 94 101 94 101 106 111 106 whiteheads 0
211 90.00000000000003 198 90.00000000000003 198 110.00000000000003 211 110.00000000000003 whiteheads 0
198 99.00000000000003 191 99.00000000000003 191 121.00000000000001 198 121.00000000000001 whiteheads 0
169 114.00000000000001 159 114.00000000000001 159 129 169 129 whiteheads 0
89.00000000000001 114.99999999999999 81 114.99999999999999 81.00000000000001 130 89.00000000000003 130 whiteheads 0