124 101.00000000000001 114 101 114 113.00000000000003 124 113.00000000000003 acne-scar 0
161 110.00000000000003 153 110.00000000000003 153 119.00000000000003 161 119.00000000000003 acne-scar 0
106.00000000000003 121.99999999999999 93.00000000000003 121.99999999999999 93.00000000000003 136 106.00000000000003 136 acne-scar 0
153 134 142 134 142 149 153 149 acne-scar 0
117.00000000000003 143 108.00000000000003 143 108.00000000000003 156 117.00000000000003 156 acne-scar 0
198 143 185 143 185 163 198 163 acne-scar 0
124.00000000000003 158 115.00000000000004 158 115.00000000000004 170 124.00000000000003 170 acne-scar 0
173 162 164 162 164 173 173 173 darkspot 0
144 178 138 178 138 184 144 184 blackheads 0
212 204 202 204 202 219 212 219 acne-scar 0
220 208 214 208 214 217 220 217 acne-scar 0
186 64.00000000000003 181 64.00000000000003 181 69.00000000000003 186 69.00000000000003 blackheads 0
101 61.00000000000002 91 61.00000000000002 91 82 101 82 acne-scar 0