179 68.00000000000003 172 68.00000000000003 172 76.00000000000003 179 76.00000000000003 whiteheads 0
184 72.00000000000003 177 72.00000000000003 177 80.00000000000003 184 80.00000000000003 whiteheads 0
170 75.00000000000003 163 75.00000000000003 163 81.00000000000003 170 81.00000000000003 whiteheads 0
184 81.00000000000003 175 81.00000000000003 175 87.00000000000003 184 87.00000000000003 whiteheads 0
166 81.00000000000003 158 81.00000000000003 158 88.00000000000003 166 88.00000000000003 whiteheads 0
176 82.00000000000003 168 82.00000000000003 168 89.00000000000003 176 89.00000000000003 whiteheads 0
109.00000000000001 109 102 109 102.00000000000001 117 109.00000000000003 117 whiteheads 0
181 126.00000000000003 172 126.00000000000003 172 133 181 133 whiteheads 0
154 126.00000000000003 142 126.00000000000003 142 136 154 136 whiteheads 0
188 132 180 132 180 140 188 140 whiteheads 0
135 138 128 138 128 148 135 148 blackheads 0
137 156 128 156 128 164 137 164 whiteheads 0
168 44.000000000000014 158 44.000000000000014 158 53.000000000000014 168 53.000000000000014 whiteheads 0