79 53.000000000000014 73 53.000000000000014 73 61.00000000000002 79 61.00000000000002 acne-scar 0
186 68.00000000000003 177 68.00000000000003 177 81.00000000000003 186 81.00000000000003 acne-scar 0
187 95.00000000000003 181 95.00000000000003 181 104.00000000000003 187 104.00000000000003 acne-scar 0
142 116.00000000000003 135 116.00000000000003 135 123.00000000000003 142 123.00000000000003 acne-scar 0
90.00000000000003 125 81.00000000000003 125 81.00000000000003 137 90.00000000000003 137 acne-scar 0
191 126.00000000000003 181 126.00000000000003 181 137 191 137 acne-scar 0
189 135 177 135 177 147 189 147 acne-scar 0
127.00000000000003 141 117.00000000000003 141 117.00000000000003 151 127.00000000000003 151 acne-scar 0
157 144 145 144 145 160 157 160 acne-scar 0
191 146 176 146 176 158 191 158 acne-scar 0
177 148 167 148 167 161 177 161 acne-scar 0
144 151 136 151 136 160 144 160 acne-scar 0
141 167 133 167 133 177 141 177 acne-scar 0
77 22.000000000000007 68 22.000000000000007 68 31.000000000000007 77 31.000000000000007 acne-scar 0
148 23.000000000000018 140 23.000000000000014 140 30.000000000000018 148 30.000000000000025 whiteheads 0
72 31.000000000000007 64 31.000000000000007 64 39.000000000000014 72 39.000000000000014 acne-scar 0
99 34.000000000000014 91 34.000000000000014 91 42.000000000000014 99 42.000000000000014 acne-scar 0
109 38.000000000000014 103 38.000000000000014 103 46.000000000000014 109 46.000000000000014 acne-scar 0
124 39.000000000000014 118 39.000000000000014 118 47.000000000000014 124 47.000000000000014 acne-scar 0
97 44.000000000000014 86 44.000000000000014 86 52.000000000000014 97 52.000000000000014 acne-scar 0
153 48.000000000000014 143 48.000000000000014 143 56.000000000000014 153 56.000000000000014 whiteheads 0