133 51.000000000000014 120 51.000000000000014 120 63.000000000000014 133 63.000000000000014 acne-scar 0
125 97.00000000000001 113 97 113 108.00000000000001 125 108.00000000000003 whiteheads 0
32.000000000000014 106 19.000000000000014 106 19.000000000000014 114 32.000000000000014 114 acne-scar 0
32.000000000000014 118 19.000000000000014 118 19.000000000000014 125 32.000000000000014 125 acne-scar 0
46.000000000000014 134 30.00000000000001 134 30.00000000000001 143 46.000000000000014 143 acne-scar 0
30.000000000000018 145 18.000000000000014 145 18.000000000000018 153 30.000000000000025 153 acne-scar 0
38.000000000000014 152 29.00000000000002 152 29.00000000000002 166 38.000000000000014 166 acne-scar 0
115.00000000000004 197 106.00000000000003 197 106.00000000000003 205 115.00000000000004 205 whiteheads 0
131 203 120.00000000000003 203 120.00000000000003 212 131 212 whiteheads 0
119.00000000000003 206 112.00000000000003 206 112.00000000000003 212 119.00000000000003 212 whiteheads 0
56.000000000000014 155 47.000000000000014 155 47.000000000000014 163 56.000000000000014 163 acne-scar 0
98.00000000000003 211 93.00000000000003 211 93.00000000000003 218 98.00000000000003 218 acne-scar 0
89.00000000000003 210 83.00000000000003 210 83.00000000000003 215 89.00000000000003 215 acne-scar 0
60.000000000000014 88 53.000000000000014 88 53.000000000000014 94 60.000000000000014 94 whiteheads 0
53.000000000000014 87 46.000000000000014 87 46.000000000000014 92 53.000000000000014 92 whiteheads 0
42.000000000000014 93 34.000000000000014 93 34.000000000000014 99 42.000000000000014 99 whiteheads 0