141 101.00000000000003 134 101.00000000000003 134 109.00000000000003 141 109.00000000000003 whiteheads 0
81 101 70 101 70 111 81 111 whiteheads 0
103.00000000000003 121 93.00000000000003 121 93.00000000000003 131 103.00000000000003 131 whiteheads 0
47.000000000000014 127 37.000000000000014 127 37.000000000000014 137 47.000000000000014 137 blackheads 0
19.000000000000018 138 10.000000000000018 138 10.000000000000018 148 19.00000000000002 148 blackheads 0
39.000000000000014 156 29.00000000000002 156 29.00000000000002 168 39.000000000000014 168 blackheads 0
99.00000000000003 158 88.00000000000003 158 88.00000000000003 170 99.00000000000003 170 blackheads 0
91.00000000000003 198 82.00000000000003 198 82.00000000000003 209 91.00000000000003 209 blackheads 0
75 37.000000000000014 67 37.000000000000014 67 46.000000000000014 75 46.000000000000014 whiteheads 0
69 46.000000000000014 59 46.000000000000014 59 53.000000000000014 69 53.000000000000014 whiteheads 0
80 49.000000000000014 71 49.000000000000014 71 58.000000000000014 80 58.000000000000014 whiteheads 0