190 121.00000000000001 183 121.00000000000001 183 126.00000000000003 190 126.00000000000003 acne-scar 0
166 123.00000000000003 158 123.00000000000003 158 130 166 130 acne-scar 0
193 124.00000000000003 187 124.00000000000003 187 129 193 129 acne-scar 0
183 130 175 130 175 136 183 136 acne-scar 0
197 131 185 131 185 138 197 138 acne-scar 0
134 134 127.00000000000003 134 127.00000000000003 141 134 141 acne-scar 0
198 137 190 137 190 143 198 143 acne-scar 0
202 139 196 139 196 145 202 145 acne-scar 0
190 140 181 140 181 148 190 148 acne-scar 0
178 141 168 141 168 151 178 151 acne-scar 0
147 145 140 145 140 152 147 152 acne-scar 0
168 150 159 150 159 161 168 161 acne-scar 0
190 157 178 157 178 165 190 165 acne-scar 0
137 158 128 158 128 165 137 165 acne-scar 0
178 160 169 160 169 167 178 167 acne-scar 0
160 163 153 163 153 169 160 169 acne-scar 0
163 172 156 172 156 178 163 178 acne-scar 0
153 178 137 178 137 188 153 188 acne-scar 0
105.00000000000003 204 95.00000000000003 204 95.00000000000003 210 105.00000000000003 210 whiteheads 0
146 193 139 193 139 200 146 200 acne-scar 0
153 187 146 187 146 193 153 193 acne-scar 0
123.00000000000003 174 115.00000000000004 174 115.00000000000004 180 123.00000000000003 180 acne-scar 0
189 95.00000000000003 179 95.00000000000003 179 104.00000000000003 189 104.00000000000003 acne-scar 0
145 163 136 163 136 173 145 173 acne-scar 0
143 202 135 202 135 208 143 208 acne-scar 0
158 204 151 204 151 210 158 210 acne-scar 0
175 152 168 152 168 158 175 158 acne-scar 0
194 146 188 146 188 154 194 154 acne-scar 0