140 53.000000000000014 137 53.000000000000014 137 57.00000000000001 140 57.00000000000001 whiteheads 0
120 53.000000000000014 114 53.000000000000014 114 59.000000000000014 120 59.000000000000014 whiteheads 0
125 64.00000000000003 121 64.00000000000003 121 67.00000000000003 125 67.00000000000003 whiteheads 0
126 68.00000000000003 119 68.00000000000003 119 74.00000000000003 126 74.00000000000003 whiteheads 0
151 26.00000000000002 148 26.00000000000002 148 29.00000000000002 151 29.00000000000002 whiteheads 0
136 35.000000000000014 132 35.000000000000014 132 38.000000000000014 136 38.000000000000014 whiteheads 0
139 35.000000000000014 136 35.000000000000014 136 39.000000000000014 139 39.000000000000014 whiteheads 0
126 37.000000000000014 123.00000000000001 37.000000000000014 123.00000000000001 41.000000000000014 126 41.000000000000014 whiteheads 0
118 39.000000000000014 113 39.000000000000014 113 42.000000000000014 118 42.000000000000014 whiteheads 0
111 38.000000000000014 105 38.000000000000014 105 43.000000000000014 111 43.000000000000014 whiteheads 0
129 41.000000000000014 126 41.000000000000014 126 45.000000000000014 129 45.000000000000014 whiteheads 0
123.00000000000001 45.000000000000014 120 45.000000000000014 120 48.000000000000014 123.00000000000001 48.000000000000014 whiteheads 0
114 45.000000000000014 108 45.000000000000014 108 50.000000000000014 114 50.000000000000014 whiteheads 0
130 47.000000000000014 127 47.000000000000014 127 51.000000000000014 130 51.000000000000014 whiteheads 0
131 50.000000000000014 126 50.000000000000014 126 53.000000000000014 131 53.000000000000014 whiteheads 0