128 140 121.00000000000001 140 121.00000000000001 148 128 148 acne-scar 0
95.00000000000003 142 87.00000000000003 142 87.00000000000003 149 95.00000000000003 149 acne-scar 0
121.00000000000001 143 114.00000000000001 143 114.00000000000001 150 121.00000000000001 150 acne-scar 0
122.00000000000004 151 112.00000000000003 151 112.00000000000003 158 122.00000000000004 158 acne-scar 0
106.00000000000003 159 99.00000000000003 159 99.00000000000003 166 106.00000000000003 166 acne-scar 0
97.00000000000003 161 88.00000000000003 161 88.00000000000003 169 97.00000000000003 169 acne-scar 0
89.00000000000003 162 80.00000000000003 162 80.00000000000003 169 89.00000000000003 169 acne-scar 0
87.00000000000003 175 79.00000000000003 175 79.00000000000003 184 87.00000000000003 184 acne-scar 0
104.00000000000003 180 94.00000000000003 180 94.00000000000003 189 104.00000000000003 189 acne-scar 0
87.00000000000003 185 79.00000000000003 185 79.00000000000003 191 87.00000000000003 191 acne-scar 0
160 31.00000000000002 149 31.00000000000002 149 42.000000000000014 160 42.000000000000014 acne-scar 0